# Game Level Exporter v1.0
LIGHT
Light
<Matrix 4x4 (-0.2909, -0.0552,  0.9552, 0.0000)
            (-0.7711,  0.6045, -0.1999, 0.0000)
            (-0.5664, -0.7947, -0.2184, 0.0000)
            ( 4.0762,  6.8678,  6.1835, 1.0000)>
CAMERA
Camera
<Matrix 4x4 ( 0.6859,  0.0000,  0.7277, 0.0000)
            (-0.3240,  0.8954,  0.3054, 0.0000)
            (-0.6516, -0.4453,  0.6142, 0.0000)
            ( 7.3589,  4.9583, -6.9258, 1.0000)>
MESH
Statue_Horse
<Matrix 4x4 (1.7296, 0.0000,  0.0000, 0.0000)
            (0.0000, 1.7296, -0.0000, 0.0000)
            (0.0000, 0.0000,  1.8978, 0.0000)
            (0.8969, 0.8731, 10.4990, 1.0000)>
MESH
Chest_Gold
<Matrix 4x4 (  2.6187, 0.0000,  2.3180, 0.0000)
            (  0.0000, 6.1405, -0.0000, 0.0000)
            ( -2.7577, 0.0000,  3.1153, 0.0000)
            (-26.8928, 0.9872, 21.3048, 1.0000)>
MESH
Arch
<Matrix 4x4 (5.6691, 0.0000,   0.0000, 0.0000)
            (0.0000, 5.0419,  -0.0000, 0.0000)
            (0.0000, 0.0000,   4.6172, 0.0000)
            (0.0000, 1.2166, -18.2685, 1.0000)>
MESH
Arch_bars
<Matrix 4x4 (5.1679, 0.0000,   0.0000, 0.0000)
            (0.0000, 4.7968,  -0.0000, 0.0000)
            (0.0000, 0.0000,   3.4443, 0.0000)
            (0.0000, 0.7810, -17.9023, 1.0000)>
MESH
Cobweb
<Matrix 4x4 (  4.3096, 0.0000,  4.7507, 0.0000)
            (  0.0000, 5.4964, -0.0000, 0.0000)
            ( -5.3391, 0.0000,  4.8435, 0.0000)
            (-27.0613, 3.5814, 22.2548, 1.0000)>
MESH
Column
<Matrix 4x4 (  3.6125, 0.0000,  0.0000, 0.0000)
            (  0.0000, 6.2790, -0.0000, 0.0000)
            (  0.0000, 0.0000,  4.2612, 0.0000)
            (-21.9733, 1.2997,  0.0000, 1.0000)>
MESH
Column.001
<Matrix 4x4 ( 3.6125, 0.0000,  0.0000, 0.0000)
            ( 0.0000, 6.2790, -0.0000, 0.0000)
            ( 0.0000, 0.0000,  4.2612, 0.0000)
            (20.4369, 1.2997, 18.9220, 1.0000)>
MESH
Column.002
<Matrix 4x4 ( 3.6125, 0.0000,  0.0000, 0.0000)
            ( 0.0000, 6.2790, -0.0000, 0.0000)
            ( 0.0000, 0.0000,  4.2612, 0.0000)
            (20.4369, 1.2997, -7.7179, 1.0000)>
MESH
Column.003
<Matrix 4x4 (  3.6125, 0.0000,  0.0000, 0.0000)
            (  0.0000, 6.2790, -0.0000, 0.0000)
            (  0.0000, 0.0000,  4.2612, 0.0000)
            (-14.0713, 1.2997, 23.6264, 1.0000)>
MESH
Pedestal
<Matrix 4x4 ( 1.7377, 0.0000,  0.0000, 0.0000)
            ( 0.0000, 2.2521, -0.0000, 0.0000)
            ( 0.0000, 0.0000,  2.5952, 0.0000)
            (12.9167, 0.9872, 11.5739, 1.0000)>
MESH
Skull
<Matrix 4x4 ( 2.5483, 0.0000,  3.6321, 0.0000)
            ( 0.0000, 4.5322, -0.0000, 0.0000)
            (-2.9815, 0.0000,  2.0918, 0.0000)
            (12.9596, 6.0929, 11.8545, 1.0000)>
MESH
Sword_WallMount
<Matrix 4x4 ( 0.1267,  0.0000, -5.2765, 0.0000)
            (-0.0000,  5.3841, -0.0000, 0.0000)
            ( 4.4281,  0.0000,  0.1063, 0.0000)
            (18.9734, 12.8820, 18.7814, 1.0000)>
MESH
Sword_WallMount.001
<Matrix 4x4 (  0.2292, 0.0000,  5.2730, 0.0000)
            (  0.0000, 5.3841, -0.0000, 0.0000)
            ( -4.4252, 0.0000,  0.1924, 0.0000)
            (-12.3756, 8.5673, 23.7533, 1.0000)>
MESH
Spikes
<Matrix 4x4 ( 7.6532, 0.0000,  0.0000, 0.0000)
            ( 0.0000, 1.0000, -0.0000, 0.0000)
            ( 0.0000, 0.0000,  8.2370, 0.0000)
            (13.3548, 0.9790, 11.6630, 1.0000)>
MESH
Trap_spikes
<Matrix 4x4 (-5.3056, -0.2742,   0.0000, 0.0000)
            ( 0.0690, -1.3352,  -0.0000, 0.0000)
            ( 0.0000, -0.0000,   4.3594, 0.0000)
            ( 0.7040, 19.5631, -12.7687, 1.0000)>
MESH
Cube_Dirt_Center_Tall
<Matrix 4x4 (35.7711, 0.0000,  0.0000, 0.0000)
            ( 0.0000, 1.0000, -0.0000, 0.0000)
            ( 0.0000, 0.0000, 29.4545, 0.0000)
            ( 0.0000, 0.0000,  0.0000, 1.0000)>
