# Game Level Exporter v1.0
LIGHT
Light
<Matrix 4x4 (-0.2909, -0.0552,  0.9552, 0.0000)
            (-0.7711,  0.6045, -0.1999, 0.0000)
            (-0.5664, -0.7947, -0.2184, 0.0000)
            ( 4.0762,  5.9039,  1.0055, 1.0000)>
CAMERA
Camera
<Matrix 4x4 ( 0.6859,  0.0000,  0.7277, 0.0000)
            (-0.3240,  0.8954,  0.3054, 0.0000)
            (-0.6516, -0.4453,  0.6142, 0.0000)
            ( 7.3589,  4.9583, -6.9258, 1.0000)>
MESH
Crate_Stack1
<Matrix 4x4 (20.0000,  0.0000,  0.0000, 0.0000)
            ( 0.0000, 20.0000, -0.0000, 0.0000)
            ( 0.0000,  0.0000, 20.0000, 0.0000)
            ( 6.1273,  0.0000, -7.7589, 1.0000)>
MESH
Cube_Grass_Center_Tall.001
<Matrix 4x4 (7.8045,  0.0000,  0.0000, 0.0000)
            (0.0000,  1.0000, -0.0000, 0.0000)
            (0.0000,  0.0000, 10.0395, 0.0000)
            (0.0000, -0.9231,  0.0000, 1.0000)>
MESH
Cube_Grass_Center_Tall.002
<Matrix 4x4 (  7.8045,  0.0000,  0.0000, 0.0000)
            (  0.0000,  1.0000, -0.0000, 0.0000)
            (  0.0000,  0.0000, 10.0395, 0.0000)
            (-15.6001, -0.9231,  0.0000, 1.0000)>
MESH
Crate_Stack1.001
<Matrix 4x4 (18.1019,  0.0000, -8.5042, 0.0000)
            (-0.0000, 20.0000, -0.0000, 0.0000)
            ( 8.5042,  0.0000, 18.1019, 0.0000)
            ( 3.2183,  0.0000, -6.7078, 1.0000)>
MESH
Cube_Grass_Center_Tall.003
<Matrix 4x4 (  7.8045,  0.0000,  0.0000, 0.0000)
            (  0.0000,  1.0000, -0.0000, 0.0000)
            (  0.0000,  0.0000, 10.0395, 0.0000)
            (-15.6001, -0.9231, 20.0582, 1.0000)>
MESH
Cube_Grass_Center_Tall.004
<Matrix 4x4 (7.8045,  0.0000,  0.0000, 0.0000)
            (0.0000,  1.0000, -0.0000, 0.0000)
            (0.0000,  0.0000, 10.0395, 0.0000)
            (0.0000, -0.9231, 20.0656, 1.0000)>
MESH
Archery_FirstAge_Level1
<Matrix 4x4 ( -9.9993,  0.0000,  0.1195, 0.0000)
            (  0.0000, 10.0000,  0.0000, 0.0000)
            ( -0.1195,  0.0000, -9.9993, 0.0000)
            (-19.5603,  0.0000, -0.6504, 1.0000)>
MESH
Archery_FirstAge_Level1.001
<Matrix 4x4 (-9.9993,  0.0000,  0.1195, 0.0000)
            ( 0.0000, 10.0000,  0.0000, 0.0000)
            (-0.1195,  0.0000, -9.9993, 0.0000)
            (-7.3133,  0.0000, -0.7349, 1.0000)>
MESH
Barracks_FirstAge_Level2
<Matrix 4x4 (10.0000,  0.0000,  0.0000, 0.0000)
            ( 0.0000, 10.0000, -0.0000, 0.0000)
            ( 0.0000,  0.0000, 10.0000, 0.0000)
            ( 0.0000,  0.0000, 22.1498, 1.0000)>
MESH
Cube_Grass_Center_Tall.005
<Matrix 4x4 (  7.8045,  0.0000,  0.0000, 0.0000)
            (  0.0000,  1.0000, -0.0000, 0.0000)
            (  0.0000,  0.0000, 10.0395, 0.0000)
            (-31.1365, -0.9231, 20.0656, 1.0000)>
MESH
Cube_Grass_Center_Tall.006
<Matrix 4x4 (  7.8045,  0.0000,  0.0000, 0.0000)
            (  0.0000,  1.0000, -0.0000, 0.0000)
            (  0.0000,  0.0000, 10.0395, 0.0000)
            (-46.7366, -0.9231, 20.0582, 1.0000)>
MESH
Cube_Grass_Center_Tall.007
<Matrix 4x4 (  7.8045,  0.0000,  0.0000, 0.0000)
            (  0.0000,  1.0000, -0.0000, 0.0000)
            (  0.0000,  0.0000, 10.0395, 0.0000)
            (-46.7366, -0.9231,  0.0000, 1.0000)>
MESH
Cube_Grass_Center_Tall.008
<Matrix 4x4 (  7.8045,  0.0000,  0.0000, 0.0000)
            (  0.0000,  1.0000, -0.0000, 0.0000)
            (  0.0000,  0.0000, 10.0395, 0.0000)
            (-31.1365, -0.9231,  0.0000, 1.0000)>
MESH
Cube_Grass_Center_Tall.009
<Matrix 4x4 (  7.8045,  0.0000,  0.0000, 0.0000)
            (  0.0000,  1.0000, -0.0000, 0.0000)
            (  0.0000,  0.0000, 10.0395, 0.0000)
            (-31.1365, -0.9231, 40.0597, 1.0000)>
MESH
Cube_Grass_Center_Tall.010
<Matrix 4x4 (  7.8045,  0.0000,  0.0000, 0.0000)
            (  0.0000,  1.0000, -0.0000, 0.0000)
            (  0.0000,  0.0000, 10.0395, 0.0000)
            (-46.7366, -0.9231, 40.0597, 1.0000)>
MESH
Cube_Grass_Center_Tall.011
<Matrix 4x4 (  7.8045,  0.0000,  0.0000, 0.0000)
            (  0.0000,  1.0000, -0.0000, 0.0000)
            (  0.0000,  0.0000, 10.0395, 0.0000)
            (-46.7366, -0.9231, 60.1179, 1.0000)>
MESH
Cube_Grass_Center_Tall.012
<Matrix 4x4 (  7.8045,  0.0000,  0.0000, 0.0000)
            (  0.0000,  1.0000, -0.0000, 0.0000)
            (  0.0000,  0.0000, 10.0395, 0.0000)
            (-31.1365, -0.9231, 60.1253, 1.0000)>
MESH
Cube_Grass_Center_Tall.013
<Matrix 4x4 (7.8045,  0.0000,  0.0000, 0.0000)
            (0.0000,  1.0000, -0.0000, 0.0000)
            (0.0000,  0.0000, 10.0395, 0.0000)
            (0.0000, -0.9231, 60.1253, 1.0000)>
MESH
Cube_Grass_Center_Tall.014
<Matrix 4x4 (  7.8045,  0.0000,  0.0000, 0.0000)
            (  0.0000,  1.0000, -0.0000, 0.0000)
            (  0.0000,  0.0000, 10.0395, 0.0000)
            (-15.6001, -0.9231, 60.1179, 1.0000)>
MESH
Cube_Grass_Center_Tall.015
<Matrix 4x4 (  7.8045,  0.0000,  0.0000, 0.0000)
            (  0.0000,  1.0000, -0.0000, 0.0000)
            (  0.0000,  0.0000, 10.0395, 0.0000)
            (-15.6001, -0.9231, 40.0597, 1.0000)>
MESH
Cube_Grass_Center_Tall.016
<Matrix 4x4 (7.8045,  0.0000,  0.0000, 0.0000)
            (0.0000,  1.0000, -0.0000, 0.0000)
            (0.0000,  0.0000, 10.0395, 0.0000)
            (0.0000, -0.9231, 40.0597, 1.0000)>
MESH
Barracks_FirstAge_Level2.001
<Matrix 4x4 (10.0000,  0.0000,  0.0000, 0.0000)
            ( 0.0000, 10.0000, -0.0000, 0.0000)
            ( 0.0000,  0.0000, 10.0000, 0.0000)
            ( 0.0000,  0.0000, 43.0596, 1.0000)>
MESH
Houses_FirstAge_1_Level1
<Matrix 4x4 ( 10.0000,  0.0000,  0.0000, 0.0000)
            (  0.0000, 10.0000, -0.0000, 0.0000)
            (  0.0000,  0.0000, 10.0000, 0.0000)
            (-47.1700, -0.1767, 10.8077, 1.0000)>
MESH
Houses_FirstAge_1_Level1.001
<Matrix 4x4 ( 10.0000,  0.0000,  0.0000, 0.0000)
            (  0.0000, 10.0000, -0.0000, 0.0000)
            (  0.0000,  0.0000, 10.0000, 0.0000)
            (-47.7511,  0.2214, 45.1972, 1.0000)>
MESH
Houses_SecondAge_2_Level3
<Matrix 4x4 ( 10.0000,  0.0000,  0.0000, 0.0000)
            (  0.0000, 10.0000, -0.0000, 0.0000)
            (  0.0000,  0.0000, 10.0000, 0.0000)
            (-44.2641, -0.1474, 51.8988, 1.0000)>
MESH
Houses_SecondAge_2_Level3.001
<Matrix 4x4 ( 10.0000,  0.0000,  0.0000, 0.0000)
            (  0.0000, 10.0000, -0.0000, 0.0000)
            (  0.0000,  0.0000, 10.0000, 0.0000)
            (-44.5987, -0.1474, 23.8557, 1.0000)>
MESH
Logs
<Matrix 4x4 ( 10.0000,  0.0000,  0.0000, 0.0000)
            (  0.0000, 10.0000, -0.0000, 0.0000)
            (  0.0000,  0.0000, 10.0000, 0.0000)
            (-47.7643,  0.9435, 65.7348, 1.0000)>
MESH
Logs.001
<Matrix 4x4 ( 10.0000,  0.0000,  0.0000, 0.0000)
            (  0.0000, 10.0000, -0.0000, 0.0000)
            (  0.0000,  0.0000, 10.0000, 0.0000)
            (-47.7643,  0.9435, 37.1305, 1.0000)>
MESH
TownCenter_FirstAge_Level1
<Matrix 4x4 ( 10.0000,  0.0000,  0.0000, 0.0000)
            (  0.0000, 10.0000, -0.0000, 0.0000)
            (  0.0000,  0.0000, 10.0000, 0.0000)
            (-22.8974,  0.0000, 33.2220, 1.0000)>
MESH
WonderWalls_SecondAge
<Matrix 4x4 ( 50.0000,  0.0000,  0.0000, 0.0000)
            (  0.0000, 50.0000, -0.0000, 0.0000)
            (  0.0000,  0.0000, 50.0000, 0.0000)
            (-23.6004,  0.0000, 22.1305, 1.0000)>
MESH
Cube_Grass_Center_Tall.017
<Matrix 4x4 (  7.8045,  0.0000,   0.0000, 0.0000)
            (  0.0000,  1.0000,  -0.0000, 0.0000)
            (  0.0000,  0.0000,  10.0395, 0.0000)
            (-31.1365, -0.9231, -19.8642, 1.0000)>
MESH
Cube_Grass_Center_Tall.018
<Matrix 4x4 (  7.8045,  0.0000,   0.0000, 0.0000)
            (  0.0000,  1.0000,  -0.0000, 0.0000)
            (  0.0000,  0.0000,  10.0395, 0.0000)
            (-15.6001, -0.9231, -19.8642, 1.0000)>
MESH
Cube_Grass_Center_Tall.019
<Matrix 4x4 ( 7.8045,  0.0000,  0.0000, 0.0000)
            ( 0.0000,  1.0000, -0.0000, 0.0000)
            ( 0.0000,  0.0000, 10.0395, 0.0000)
            (15.5667, -0.9231,  0.0000, 1.0000)>
MESH
Cube_Grass_Center_Tall.020
<Matrix 4x4 ( 7.8045,  0.0000,  0.0000, 0.0000)
            ( 0.0000,  1.0000, -0.0000, 0.0000)
            ( 0.0000,  0.0000, 10.0395, 0.0000)
            (15.5667, -0.9231, 20.0804, 1.0000)>
MESH
Cube_Grass_Center_Tall.021
<Matrix 4x4 ( 7.8045,  0.0000,  0.0000, 0.0000)
            ( 0.0000,  1.0000, -0.0000, 0.0000)
            ( 0.0000,  0.0000, 10.0395, 0.0000)
            (15.5667, -0.9231, 40.0430, 1.0000)>
MESH
Cube_Grass_Center_Tall.022
<Matrix 4x4 ( 7.8045,  0.0000,  0.0000, 0.0000)
            ( 0.0000,  1.0000, -0.0000, 0.0000)
            ( 0.0000,  0.0000, 10.0395, 0.0000)
            (15.5667, -0.9231, 59.8793, 1.0000)>
MESH
Cube_Grass_Center_Tall.023
<Matrix 4x4 (  7.8045,  0.0000,   0.0000, 0.0000)
            (  0.0000,  1.0000,  -0.0000, 0.0000)
            (  0.0000,  0.0000,  10.0395, 0.0000)
            (-46.7366, -0.9231, -20.1126, 1.0000)>
MESH
Cube_Grass_Center_Tall.024
<Matrix 4x4 (  7.8045,  0.0000,  0.0000, 0.0000)
            (  0.0000,  1.0000, -0.0000, 0.0000)
            (  0.0000,  0.0000, 10.0395, 0.0000)
            (-62.1811, -0.9231,  0.0000, 1.0000)>
MESH
Cube_Grass_Center_Tall.025
<Matrix 4x4 (  7.8045,  0.0000,   0.0000, 0.0000)
            (  0.0000,  1.0000,  -0.0000, 0.0000)
            (  0.0000,  0.0000,  10.0395, 0.0000)
            (-62.1811, -0.9231, -20.0482, 1.0000)>
MESH
Cube_Grass_Center_Tall.026
<Matrix 4x4 (  7.8045,  0.0000,  0.0000, 0.0000)
            (  0.0000,  1.0000, -0.0000, 0.0000)
            (  0.0000,  0.0000, 10.0395, 0.0000)
            (-62.1811, -0.9231, 19.9738, 1.0000)>
MESH
Cube_Grass_Center_Tall.027
<Matrix 4x4 (  7.8045,  0.0000,  0.0000, 0.0000)
            (  0.0000,  1.0000, -0.0000, 0.0000)
            (  0.0000,  0.0000, 10.0395, 0.0000)
            (-62.1811, -0.9231, 40.0774, 1.0000)>
MESH
Cube_Grass_Center_Tall.028
<Matrix 4x4 (  7.8045,  0.0000,  0.0000, 0.0000)
            (  0.0000,  1.0000, -0.0000, 0.0000)
            (  0.0000,  0.0000, 10.0395, 0.0000)
            (-62.1811, -0.9231, 59.9666, 1.0000)>
MESH
Cube_Grass_Center_Tall.029
<Matrix 4x4 ( 7.8045,  0.0000,   0.0000, 0.0000)
            ( 0.0000,  1.0000,  -0.0000, 0.0000)
            ( 0.0000,  0.0000,  10.0395, 0.0000)
            (15.5448, -0.9231, -19.8642, 1.0000)>
MESH
Cube_Grass_Center_Tall.030
<Matrix 4x4 (7.8045,  0.0000,   0.0000, 0.0000)
            (0.0000,  1.0000,  -0.0000, 0.0000)
            (0.0000,  0.0000,  10.0395, 0.0000)
            (0.0084, -0.9231, -19.8642, 1.0000)>
MESH
Cube_Dirt_Center_Tall.002
<Matrix 4x4 ( 1.0000,  0.0000,  0.0000, 0.0000)
            ( 0.0000,  1.0000, -0.0000, 0.0000)
            ( 0.0000,  0.0000, 13.8466, 0.0000)
            (-0.7881, -0.8000,  5.6222, 1.0000)>
MESH
Cube_Dirt_Center_Tall.001
<Matrix 4x4 (  1.0000,  0.0000,  0.0000, 0.0000)
            (  0.0000,  1.0000, -0.0000, 0.0000)
            (  0.0000,  0.0000,  7.7253, 0.0000)
            (-12.1240, -0.8000, -1.3942, 1.0000)>
MESH
Cube_Dirt_Center_Tall.003
<Matrix 4x4 ( -0.0000,  0.0000,  1.0000, 0.0000)
            (  0.0000,  1.0000,  0.0000, 0.0000)
            (-11.1592,  0.0000, -0.0000, 0.0000)
            (-12.9368, -0.8000,  7.3152, 1.0000)>
MESH
Cube_Dirt_Center_Tall.004
<Matrix 4x4 (  1.0000,  0.0000,  0.0000, 0.0000)
            (  0.0000,  1.0000, -0.0000, 0.0000)
            (  0.0000,  0.0000, 24.3548, 0.0000)
            (-23.0503, -0.8000, 32.6978, 1.0000)>
MESH
Cube_Dirt_Center_Tall.005
<Matrix 4x4 (  1.0000,  0.0000,  0.0000, 0.0000)
            (  0.0000,  1.0000, -0.0000, 0.0000)
            (  0.0000,  0.0000, 13.8466, 0.0000)
            (-23.0503, -0.8627, 22.2177, 1.0000)>
MESH
Cube_Dirt_Center_Tall.006
<Matrix 4x4 ( -0.0000,  0.0000, -1.0000, 0.0000)
            ( -0.0000,  1.0000,  0.0000, 0.0000)
            ( 24.3548,  0.0000, -0.0000, 0.0000)
            (-23.0503, -0.8000, 32.6978, 1.0000)>
MESH
Cube_Dirt_Center_Tall.007
<Matrix 4x4 (  1.0000,  0.0000,  0.0000, 0.0000)
            (  0.0000,  1.0000, -0.0000, 0.0000)
            (  0.0000,  0.0000, 24.3548, 0.0000)
            (-33.4913, -0.8500, 32.6978, 1.0000)>
MESH
Cube_Dirt_Center_Tall.008
<Matrix 4x4 (  1.0000,  0.0000,   0.0000, 0.0000)
            (  0.0000,  1.0000,  -0.0000, 0.0000)
            (  0.0000,  0.0000,  24.3548, 0.0000)
            (-23.0503, -0.8000, -17.8931, 1.0000)>
MESH
Cube_Dirt_Center_Tall.009
<Matrix 4x4 ( -0.0000,  0.0000,  1.0000, 0.0000)
            (  0.0000,  1.0000,  0.0000, 0.0000)
            (-11.1592,  0.0000, -0.0000, 0.0000)
            (-35.2349, -0.8000,  7.3152, 1.0000)>
MESH
Statue_Horse
<Matrix 4x4 (  1.0000, 0.0000,  0.0000, 0.0000)
            (  0.0000, 1.0000, -0.0000, 0.0000)
            (  0.0000, 0.0000,  1.0000, 0.0000)
            (-22.8900, 2.6701, 38.6931, 1.0000)>
MESH
Banner
<Matrix 4x4 ( 5.0000, 0.0000,   0.0000, 0.0000)
            ( 0.0000, 5.0000,  -0.0000, 0.0000)
            ( 0.0000, 0.0000,   1.0000, 0.0000)
            (-8.3306, 9.8090, -24.4145, 1.0000)>
MESH
Banner.001
<Matrix 4x4 (  5.0000, 0.0000,   0.0000, 0.0000)
            (  0.0000, 5.0000,  -0.0000, 0.0000)
            (  0.0000, 0.0000,   1.0000, 0.0000)
            (-38.9497, 9.8090, -24.4145, 1.0000)>
MESH
Barrel
<Matrix 4x4 ( 1.0000, 0.0000,  0.0000, 0.0000)
            ( 0.0000, 1.0000, -0.0000, 0.0000)
            ( 0.0000, 0.0000,  1.0000, 0.0000)
            (-9.3668, 0.0000, 17.6786, 1.0000)>
MESH
Barrel.001
<Matrix 4x4 ( 1.0000, 0.0000,  0.0000, 0.0000)
            ( 0.0000, 1.0000, -0.0000, 0.0000)
            ( 0.0000, 0.0000,  1.0000, 0.0000)
            (-9.3668, 0.0000, 26.4957, 1.0000)>
MESH
Barrel.002
<Matrix 4x4 ( 1.0000, 0.0000,  0.0000, 0.0000)
            ( 0.0000, 1.0000, -0.0000, 0.0000)
            ( 0.0000, 0.0000,  1.0000, 0.0000)
            (-9.3668, 0.0000, 39.3710, 1.0000)>
MESH
Barrel.003
<Matrix 4x4 ( 1.0000, 0.0000,  0.0000, 0.0000)
            ( 0.0000, 1.0000, -0.0000, 0.0000)
            ( 0.0000, 0.0000,  1.0000, 0.0000)
            (-9.3668, 0.0000, 47.7966, 1.0000)>
MESH
Resource_Tree_Group
<Matrix 4x4 (10.0000,  0.0000,  0.0000, 0.0000)
            ( 0.0000, 10.0000, -0.0000, 0.0000)
            ( 0.0000,  0.0000, 10.0000, 0.0000)
            ( 7.8706,  0.0000,  7.9780, 1.0000)>
MESH
Resource_Tree_Group.001
<Matrix 4x4 ( 10.0000,  0.0000,  0.0000, 0.0000)
            (  0.0000, 10.0000, -0.0000, 0.0000)
            (  0.0000,  0.0000, 10.0000, 0.0000)
            (-51.7013,  0.0000, -1.7090, 1.0000)>
MESH
Rock_Group
<Matrix 4x4 ( 10.0000,  0.0000,  0.0000, 0.0000)
            (  0.0000, 10.0000, -0.0000, 0.0000)
            (  0.0000,  0.0000, 10.0000, 0.0000)
            (-15.7360,  0.0000, 12.1454, 1.0000)>
MESH
Rock_Group.001
<Matrix 4x4 ( 10.0000,  0.0000,  0.0000, 0.0000)
            (  0.0000, 10.0000, -0.0000, 0.0000)
            (  0.0000,  0.0000, 10.0000, 0.0000)
            (-15.7360,  0.0000, 44.1466, 1.0000)>
MESH
Rock_Group.002
<Matrix 4x4 ( 10.0000,  0.0000,  0.0000, 0.0000)
            (  0.0000, 10.0000, -0.0000, 0.0000)
            (  0.0000,  0.0000, 10.0000, 0.0000)
            (-33.0741,  0.0000, -3.0169, 1.0000)>
MESH
Windmill_FirstAge
<Matrix 4x4 (10.0000,  0.0000,   0.0000, 0.0000)
            ( 0.0000, 10.0000,  -0.0000, 0.0000)
            ( 0.0000,  0.0000,  10.0000, 0.0000)
            (21.5144, 29.7919, -18.6790, 1.0000)>
MESH
Windmill_FirstAge.001
<Matrix 4x4 ( 10.0000,  0.0000,   0.0000, 0.0000)
            (  0.0000, 10.0000,  -0.0000, 0.0000)
            (  0.0000,  0.0000,  10.0000, 0.0000)
            (-68.5010, 29.7919, -18.6790, 1.0000)>
MESH
Windmill_FirstAge.002
<Matrix 4x4 ( 10.0000,  0.0000,  0.0000, 0.0000)
            (  0.0000, 10.0000, -0.0000, 0.0000)
            (  0.0000,  0.0000, 10.0000, 0.0000)
            (-68.5010, 43.8838, 63.8673, 1.0000)>
MESH
Windmill_FirstAge.003
<Matrix 4x4 (10.0000,  0.0000,  0.0000, 0.0000)
            ( 0.0000, 10.0000, -0.0000, 0.0000)
            ( 0.0000,  0.0000, 10.0000, 0.0000)
            (20.2408, 43.8838, 63.8673, 1.0000)>
MESH
Resource_PineTree
<Matrix 4x4 (10.0000,  0.0000,  0.0000, 0.0000)
            ( 0.0000, 10.0000, -0.0000, 0.0000)
            ( 0.0000,  0.0000, 10.0000, 0.0000)
            (-7.3585,  0.0000,  1.9585, 1.0000)>
MESH
Resource_PineTree.001
<Matrix 4x4 (10.0000,  0.0000,  0.0000, 0.0000)
            ( 0.0000, 10.0000, -0.0000, 0.0000)
            ( 0.0000,  0.0000, 10.0000, 0.0000)
            ( 8.1467,  0.0000, 32.1415, 1.0000)>
MESH
Resource_PineTree.002
<Matrix 4x4 (10.0000,  0.0000,  0.0000, 0.0000)
            ( 0.0000, 10.0000, -0.0000, 0.0000)
            ( 0.0000,  0.0000, 10.0000, 0.0000)
            (11.5181,  0.0000, 38.8044, 1.0000)>
MESH
Resource_PineTree.003
<Matrix 4x4 (10.0000,  0.0000,  0.0000, 0.0000)
            ( 0.0000, 10.0000, -0.0000, 0.0000)
            ( 0.0000,  0.0000, 10.0000, 0.0000)
            (11.5181,  0.0000, 51.5497, 1.0000)>
MESH
Resource_PineTree.004
<Matrix 4x4 ( 10.0000,  0.0000,  0.0000, 0.0000)
            (  0.0000, 10.0000, -0.0000, 0.0000)
            (  0.0000,  0.0000, 10.0000, 0.0000)
            (-12.3023,  0.0000, 51.5497, 1.0000)>
MESH
Resource_PineTree.005
<Matrix 4x4 ( 10.0000,  0.0000,  0.0000, 0.0000)
            (  0.0000, 10.0000, -0.0000, 0.0000)
            (  0.0000,  0.0000, 10.0000, 0.0000)
            (-12.3023,  0.0000, 38.0499, 1.0000)>
MESH
Resource_PineTree.006
<Matrix 4x4 ( 10.0000,  0.0000,  0.0000, 0.0000)
            (  0.0000, 10.0000, -0.0000, 0.0000)
            (  0.0000,  0.0000, 10.0000, 0.0000)
            (-28.3779,  0.0000, 17.6192, 1.0000)>
MESH
Resource_PineTree.007
<Matrix 4x4 ( 10.0000,  0.0000,  0.0000, 0.0000)
            (  0.0000, 10.0000, -0.0000, 0.0000)
            (  0.0000,  0.0000, 10.0000, 0.0000)
            (-28.3779,  0.0000, 44.2298, 1.0000)>
MESH
Resource_PineTree.008
<Matrix 4x4 ( 10.0000,  0.0000,  0.0000, 0.0000)
            (  0.0000, 10.0000, -0.0000, 0.0000)
            (  0.0000,  0.0000, 10.0000, 0.0000)
            (-31.2849,  0.0000,  0.5326, 1.0000)>
MESH
Resource_PineTree.009
<Matrix 4x4 ( 10.0000,  0.0000,  0.0000, 0.0000)
            (  0.0000, 10.0000, -0.0000, 0.0000)
            (  0.0000,  0.0000, 10.0000, 0.0000)
            (-48.0379,  0.0000, 16.4341, 1.0000)>
